9 12 14 16 17 18 15
86 88 91 94 95 95
15 18 20 21 23 25 28 32
70 72 74 77 78 83
57 60 62 64 63 64 65
44 45 44 47 46
33 35 32 33 36 36
83 86 88 89 87 88 90 94
56 59 62 65 68 65 68 75
36 39 40 40 43
87 90 93 95 95 97 94
90 91 92 92 95 95
11 14 14 15 16 19 23
35 37 39 39 44
59 61 63 67 68 69
86 87 91 92 91
33 36 38 39 43 44 47 47
82 84 86 89 93 94 98
4 5 7 10 13 17 24
51 54 60 63 64 67 68
38 40 43 45 51 54 56 53
8 9 10 15 16 17 17
24 26 33 34 38
61 62 64 66 68 74 80
44 43 46 48 49 50 51 53
5 2 5 8 6
12 11 14 16 17 18 18
3 1 3 4 7 9 13
60 58 59 62 63 70
45 44 41 42 43 44 46